241 1444
0 132 0.0898876
0 152 0.00346021
0 58 0.0176056
0 193 0.0263158
0 62 0.0679245
0 182 0.0315789
0 52 0.0174216
1 121 0.00325733
1 23 0.00334448
1 138 0.00333333
1 80 0.00327869
1 82 0.00660066
1 236 0.00706714
1 0 0.00350877
3 74 0.0251572
3 2 0.0661765
4 105 0.00701754
4 202 0.013289
4 123 0.00701754
4 131 0.027027
4 60 0.0140845
4 2 0.0141844
5 191 0.047619
5 76 0.0925267
6 157 0.019802
6 50 0.0198675
6 177 0.0150376
6 165 0.00980392
6 137 0.0164474
6 58 0.013289
6 85 0.0357143
6 88 0.0369128
6 56 0.0103806
6 175 0.0446097
6 5 0.0165563
7 13 0.00689655
7 44 0.0466926
7 114 0.0208333
7 215 0.078125
7 130 0.00684932
8 118 0.05
8 26 0.0171233
8 127 0.0581818
8 85 0.0459364
8 177 0.0534351
8 99 0.0498339
8 148 0.0464286
8 7 0.0101695
10 53 0.0176056
10 232 0.032491
10 3 0.0883392
10 122 0.0405405
10 175 0.029304
10 25 0.0486111
10 9 0.0359712
12 67 0.0576271
12 64 0.062069
12 206 0.0103806
12 77 0.0248227
12 17 0.0795848
12 171 0.0333333
12 155 0.0472973
12 177 0.0264151
12 148 0.0547445
12 11 0.0295082
13 208 0.0641509
14 49 0.0176056
14 230 0.0304183
14 71 0.0204918
14 128 0.00374532
14 55 0.00735294
14 58 0.0034965
14 87 0.0265152
14 133 0.0503876
14 150 0.035461
14 218 0.00346021
14 194 0.010453
14 201 0.019084
14 79 0.0436364
14 199 0.0388693
14 225 0.0143541
14 13 0.00348432
15 31 0.0318021
15 205 0.0703704
15 32 0.0234114
15 125 0.0503597
15 186 0.0467626
15 34 0.0319149
15 154 0.0804196
15 208 0.0597015
15 166 0.0427046
15 224 0.019802
15 44 0.00706714
16 215 0.0898876
16 121 0.0793103
16 236 0.010453
16 120 0.0584192
16 79 0.0736842
16 217 0.0479452
16 181 0.0650685
16 66 0.0442177
16 146 0.0804196
16 76 0.077193
16 201 0.032491
16 67 0.0687285
16 15 0.019802
17 222 0.0729927
17 56 0.0277778
17 227 0.0795848
17 171 0.04
18 33 0.030303
18 114 0.0334448
18 137 0.0472973
18 106 0.0431655
18 63 0.00986842
18 160 0.0394265
18 6 0.0165563
18 186 0.0283688
18 82 0.0689655
18 185 0.0251799
18 16 0.0921986
18 184 0.0431655
18 17 0.0578231
20 5 0.0138889
20 190 0.00371747
20 227 0.0654545
20 139 0.0413534
20 96 0.0321429
20 89 0.0538462
20 181 0.0278746
20 19 0.0357143
21 63 0.00353357
21 227 0.028777
22 145 0.024735
22 237 0.021978
22 50 0.0472973
22 3 0.0954064
22 141 0.0298013
22 31 0.020979
22 21 0.0553506
23 85 0.024911
23 230 0.0871212
23 222 0.024911
23 53 0.025
23 11 0.0163934
24 145 0.0284698
24 190 0.0250896
24 124 0.020979
24 72 0.0174825
24 198 0.00662252
24 55 0.0209059
24 44 0.0518519
24 139 0.0173611
24 130 0.019802
24 88 0.0472973
24 23 0.0815603
25 208 0.0490566
25 9 0.0479705
25 216 0.0482759
25 116 0.0410959
26 227 0.0173611
26 225 0.0141509
26 194 0.0138408
26 74 0.03
26 25 0.0323741
27 145 0.0141343
27 142 0.025
27 173 0.00689655
27 85 0.0212014
27 79 0.0704225
28 25 0.023569
28 169 0.0103448
28 86 0.0176056
28 131 0.047619
28 113 0.0103806
28 27 0.0233333
29 71 0.0263158
29 63 0.0162866
29 74 0.0248447
30 217 0.0100334
30 21 0.029304
30 212 0.0233333
30 45 0.00699301
30 42 0.0250896
30 104 0.0484429
30 120 0.0666667
30 22 0.0166667
30 3 0.0701754
30 166 0.0359712
30 56 0.0212014
30 150 0.0549828
30 138 0.0237288
30 29 0.03
31 232 0.0188679
31 19 0.0140351
32 216 0.0588235
32 120 0.0777385
32 191 0.03663
32 40 0.0234114
32 46 0.0646388
32 31 0.0212766
33 35 0.040404
34 225 0.0240385
34 97 0.0357143
34 209 0.0381679
34 169 0.0223881
34 40 0.0392857
34 206 0.00738007
34 171 0.0543478
34 60 0.045977
34 33 0.0105263
35 208 0.0177936
36 234 0.012945
36 214 0.0655172
36 122 0.0652921
36 15 0.0367893
36 19 0.00986842
36 23 0.030303
36 158 0.033557
36 88 0.0836237
36 9 0.0469314
36 67 0.0576271
36 69 0.0472727
36 215 0.035461
36 187 0.0545455
36 102 0.0302013
36 97 0.0369128
36 35 0.0365449
37 162 0.0147601
37 86 0.0263158
37 87 0.0185185
37 45 0.0183824
37 58 0.0104167
37 160 0.0299625
37 187 0.0418251
37 180 0.0284698
37 189 0.0537634
37 97 0.0209059
37 203 0.0222222
37 3 0.0613718
38 154 0.0251799
38 32 0.0483271
38 67 0.0397112
38 118 0.025
38 205 0.0271318
38 22 0.0362319
38 124 0.0346154
38 217 0.0179856
38 181 0.0588235
38 162 0.019084
38 69 0.03125
38 210 0.027027
39 16 0.0208333
39 34 0.0222222
39 225 0.00462963
39 202 0.0103093
39 37 0.0145455
39 97 0.0315789
39 67 0.0206186
39 77 0.0148148
39 56 0.0145455
39 88 0.034965
39 38 0.0304183
40 112 0.102837
40 229 0.00990099
40 26 0.00687285
41 93 0.020979
41 119 0.00692042
41 185 0.020979
41 161 0.00977199
41 104 0.0194805
41 165 0.00955414
41 191 0.0103448
41 17 0.00315457
41 78 0.0228013
41 20 0.0101351
41 40 0.00636943
42 76 0.0212014
42 232 0.00749064
42 5 0.0211268
42 3 0.0210526
42 114 0.0355872
42 137 0.028169
43 5 0.0337838
43 236 0.0666667
43 20 0.010453
43 97 0.02
43 212 0.0265781
43 208 0.0218182
43 46 0.0446097
43 222 0.0176056
43 26 0.0211268
43 161 0.0238095
43 42 0.0322581
44 225 0.0197044
44 74 0.0308219
44 197 0.00819672
45 190 0.0150376
45 189 0.0390071
45 227 0.0811808
45 195 0.0543478
45 63 0.0104167
45 194 0.0654545
45 125 0.0456274
45 44 0.0307692
46 240 0.027027
46 208 0.032
46 9 0.0517928
46 87 0.023166
47 217 0.00961538
47 76 0.00958466
47 48 0.0223642
47 95 0.0222222
47 203 0.00334448
47 44 0.00687285
47 119 0.00687285
47 94 0.0126582
47 33 0.00961538
47 42 0.0101351
47 32 0.0129032
47 208 0.0174216
47 209 0.0135593
47 53 0.0135593
47 137 0.00630915
47 40 0.00315457
47 102 0.0128617
47 46 0.0103806
48 13 0.0231023
48 178 0.0397351
48 37 0.0313589
48 132 0.0761246
48 113 0.00341297
48 26 0.0243056
48 238 0.0267176
48 167 0.0295082
48 200 0.04811
48 150 0.0328947
48 157 0.0162338
48 38 0.0176678
49 88 0.0763889
49 13 0.0513699
49 231 0.0337838
50 171 0.0652921
50 81 0.0330033
50 193 0.0319149
50 74 0.01875
50 112 0.0761246
50 86 0.0743494
50 189 0.0801394
50 194 0.0992908
50 19 0.0586207
50 49 0.0918728
51 141 0.0655172
51 161 0.126866
51 46 0.0846154
51 157 0.0164474
51 88 0.019802
51 193 0.094697
52 105 0.0319149
52 75 0.0182371
52 106 0.0282686
52 31 0.035461
52 165 0.0332226
52 33 0.0199336
52 206 0.0138889
52 45 0.0353357
52 51 0.0198675
54 87 0.0226415
54 112 0.0505415
54 2 0.111111
54 53 0.0883534
55 35 0.0422535
55 74 0.00977199
55 171 0.0462633
55 29 0.0955882
56 19 0.0174825
56 145 0.0538462
57 108 0.0215385
57 167 0.0122324
57 46 0.0133779
57 92 0.0123077
57 111 0.0196721
57 71 0.0176678
57 100 0.0247678
57 53 0.0130719
57 56 0.00643087
58 225 0.0177778
58 76 0.0304054
59 54 0.0505051
59 86 0.0506757
59 221 0.0347003
59 171 0.0310559
59 58 0.0185759
60 189 0.0695971
61 208 0.0251799
61 240 0.0103448
61 74 0.00925926
61 89 0.028169
61 60 0.0138408
61 185 0.0361011
61 63 0.00651466
61 51 0.019802
62 216 0.0238095
63 216 0.00653595
63 62 0.0135593
64 125 0.0661765
64 120 0.0442177
64 230 0.0547445
64 122 0.0511945
64 113 0.0861423
64 180 0.01
65 222 0.0467626
65 237 0.0296296
65 145 0.0586081
65 215 0.0505415
65 120 0.037037
65 165 0.0367893
65 235 0.0362319
65 141 0.0402685
65 50 0.0655172
65 203 0.0620438
65 64 0.0659722
66 208 0.032967
66 74 0.015674
66 3 0.037037
66 9 0.0285714
67 235 0.0358423
67 141 0.0610169
68 101 0.0190476
68 182 0.015674
68 154 0.0126183
68 12 0.00940439
68 199 0.00617284
68 172 0.020202
68 129 0.0170648
68 67 0.00934579
69 191 0.0433071
70 22 0.0340136
70 174 0.00655738
70 82 0.0234899
70 58 0.00668896
70 216 0.0375427
70 193 0.0215054
70 173 0.0140351
70 151 0.0106383
70 69 0.0180505
71 62 0.027668
71 166 0.0588235
71 88 0.0671937
71 13 0.0389105
72 11 0.00680272
72 97 0.0246479
72 74 0.033557
72 107 0.0138889
72 166 0.0223048
72 13 0.013986
73 211 0.0194175
73 118 0.0137931
73 154 0.028169
73 23 0.0284698
73 214 0.020979
73 146 0.0209059
73 33 0.024735
73 189 0.0244755
73 66 0.0174825
73 140 0.0138408
73 72 0.00364964
75 137 0.0212766
75 229 0.0279503
75 67 0.0243161
75 55 0.00949367
75 37 0.0323625
75 51 0.0183486
75 235 0.0331126
75 176 0.0347222
75 17 0.0369231
75 111 0.0160256
75 69 0.019544
75 74 0.0668693
76 166 0.0659341
77 232 0.0229885
77 230 0.0188679
77 238 0.0379747
77 19 0.0214286
77 33 0.0214286
77 76 0.0213523
78 201 0.00706714
78 86 0.0105634
78 25 0.0237288
78 203 0.010453
78 20 0.00344828
78 9 0.0176678
78 61 0.0131148
79 59 0.0249221
79 54 0.0669145
79 102 0.027027
79 51 0.09319
79 197 0.00374532
79 211 0.0378549
79 69 0.040146
79 100 0.0131148
80 128 0.010453
80 183 0.0308219
80 209 0.0464286
80 77 0.0282686
80 197 0.0186567
80 164 0.035461
80 199 0.0675676
80 2 0.0391459
80 64 0.0299003
80 127 0.0586081
80 154 0.0130293
80 176 0.0617761
80 125 0.0425532
80 133 0.0693431
80 44 0.0551471
80 79 0.0692042
81 76 0.047138
81 71 0.0225564
81 201 0.010453
81 62 0.0780142
82 205 0.0283688
82 74 0.0250784
82 137 0.0263158
82 81 0.0501672
83 209 0.0213523
83 234 0.0131148
83 141 0.0165563
83 237 0.0110294
83 88 0.0199336
83 155 0.0268456
83 124 0.0176056
83 104 0.0410959
84 67 0.00923077
84 175 0.00673401
84 46 0.010101
84 6 0.00934579
84 129 0.0134228
84 113 0.00325733
84 111 0.00983607
84 83 0.0157729
85 216 0.0391459
85 44 0.019084
85 74 0.0232558
85 181 0.05
85 69 0.0344828
86 161 0.0639098
86 85 0.0503876
89 232 0.0466926
89 116 0.0319149
89 189 0.0659341
90 44 0.020339
90 183 0.0194175
90 35 0.0123457
90 87 0.00326797
90 51 0.022082
90 201 0.020202
90 92 0.0155763
90 26 0.0265781
90 69 0.0201342
90 100 0.0154799
90 211 0.0145773
90 225 0.0247934
90 229 0.0320513
90 215 0.033557
90 8 0.0216718
90 89 0.0165563
91 231 0.0132013
91 189 0.00649351
91 2 0.013986
91 211 0.00606061
91 85 0.0103806
91 44 0.0178571
91 152 0.00983607
91 22 0.0197368
92 33 0.00986842
92 44 0.0555556
92 145 0.0394265
92 120 0.0880282
92 19 0.00655738
92 180 0.0445205
93 11 0.0357143
93 92 0.0214286
94 38 0.0140845
94 138 0.0265781
94 156 0.00980392
94 197 0.0186567
94 3 0.0196078
94 237 0.0218182
94 163 0.0166113
94 210 0.0138889
95 106 0.0350877
95 45 0.0102041
95 203 0.0136986
95 128 0.00689655
95 140 0.0194805
95 133 0.0573477
95 3 0.0295082
95 225 0.0305677
95 173 0.0170068
95 31 0.0242215
95 123 0.0172414
95 146 0.0397351
95 196 0.0316901
95 223 0.010989
95 64 0.00970874
95 94 0.025974
96 221 0.0134228
96 141 0.040678
96 177 0.0268199
96 10 0.0375427
97 225 0.0176211
97 236 0.00694444
97 19 0.108696
97 11 0.0364238
98 160 0.0300752
98 35 0.0350877
98 223 0.0240964
98 195 0.0392857
98 240 0.0377358
98 236 0.0185874
98 97 0.0895522
98 155 0.0501792
98 87 0.0148148
98 165 0.0103093
98 5 0.0318021
99 141 0.0468227
99 120 0.0298013
99 177 0.0418251
99 180 0.0477816
99 45 0.0649819
101 49 0.0198675
101 223 0.0265152
101 102 0.02
101 201 0.0362319
101 232 0.0213523
101 218 0.0439189
101 191 0.0437956
101 167 0.0436242
101 142 0.0547445
101 12 0.0231788
101 5 0.0731707
102 193 0.024911
102 21 0.0253623
102 23 0.020202
102 142 0.0474453
102 225 0.0132743
103 158 0.00970874
103 69 0.0245614
103 49 0.00967742
103 125 0.0136986
103 145 0.0137931
103 112 0.0194175
103 174 0.02589
103 67 0.0193548
103 127 0.0174825
103 19 0.00647249
104 193 0.0864662
104 184 0.0284698
104 185 0.0252708
104 112 0.0510204
104 151 0.0176056
104 152 0.0774648
104 160 0.0703704
104 88 0.0474576
104 9 0.0627306
104 71 0.030888
105 151 0.0923695
105 67 0.0654545
105 116 0.0698529
105 104 0.0321429
106 23 0.0361011
106 5 0.0394265
106 201 0.0190114
106 132 0.024735
106 42 0.0264151
106 86 0.0305344
107 215 0.0541516
107 50 0.043771
107 203 0.035461
108 26 0.00680272
108 98 0.0647482
108 210 0.0390071
108 218 0.0468227
108 32 0.03
108 190 0.0211268
108 89 0.0690909
108 177 0.0377358
108 3 0.0468227
108 208 0.0551471
108 124 0.0459364
108 132 0.0229508
108 107 0.0719178
109 3 0.0984848
109 122 0.0861423
109 58 0.0213523
109 22 0.0661765
109 20 0.0148699
109 67 0.0391459
109 101 0.0703704
109 82 0.0282686
109 51 0.0510949
109 237 0.036
109 181 0.0503597
109 19 0.0034965
109 217 0.0213523
109 218 0.0431655
110 34 0.0138408
110 81 0.00638978
110 172 0.0173611
110 104 0.00649351
110 27 0.0164474
110 118 0.00967742
110 109 0.020979
111 86 0.0423077
111 240 0.0339623
111 234 0.0243056
111 92 0.028169
111 87 0.0148699
113 124 0.0496183
113 31 0.0110701
113 120 0.0282686
113 92 0.046595
113 230 0.0380228
113 134 0.0579151
113 97 0.0898876
113 112 0.0654545
114 161 0.0742049
114 154 0.040404
114 130 0.0264901
114 76 0.062069
115 180 0.00326797
115 25 0.0166113
115 205 0.0104167
115 213 0.0163399
115 199 0.029316
115 63 0.00649351
115 190 0.00696864
115 102 0.0131148
115 40 0.0196078
115 175 0.00352113
115 157 0.00320513
115 114 0.0162866
116 100 0.0196078
117 145 0.0104167
117 112 0.0162866
117 232 0.0140351
117 211 0.00909091
117 219 0.0172414
117 10 0.00651466
118 92 0.0401338
118 100 0.0162338
118 165 0.0263158
119 8 0.0284698
119 32 0.0181159
119 26 0.0075188
119 12 0.177686
119 85 0.0511811
119 186 0.027027
119 199 0.0248227
119 174 0.024911
119 49 0.040293
120 13 0.0165563
120 238 0.0230769
120 194 0.0692042
121 8 0.0392157
121 235 0.0210526
121 184 0.010274
121 125 0.0385965
121 222 0.0242215
121 105 0.0350877
121 148 0.0353357
121 225 0.021645
121 81 0.0745763
121 147 0.00322581
121 120 0.106007
122 56 0.00684932
122 201 0.0708955
122 194 0.0472973
123 99 0.0209059
123 224 0.010453
123 35 0.0103448
123 105 0.0111524
123 198 0.00704225
123 66 0.0176056
123 69 0.0112782
123 171 0.0104167
123 87 0.0111524
123 122 0.0210526
124 197 0.016
124 29 0.0348432
124 191 0.0384615
124 10 0.0210526
124 31 0.0223048
124 215 0.0338346
124 112 0.05
125 231 0.0321429
125 87 0.0224719
126 237 0.0220588
126 86 0.0105263
126 98 0.00689655
126 23 0.0234899
126 152 0.00326797
126 25 0.0133779
126 71 0.0075188
126 151 0.024735
126 211 0.0153374
126 2 0.0321429
126 138 0.0166113
126 125 0.00692042
127 63 0.0142349
127 177 0.0246914
127 112 0.0397112
127 11 0.0139373
127 201 0.03125
127 209 0.0763052
127 199 0.0430108
128 86 0.0152091
128 197 0.00809717
128 82 0.0212014
128 54 0.0151515
128 130 0.0140845
128 10 0.00350877
128 25 0.0107527
128 20 0.018797
129 116 0.04
129 66 0.0518519
129 152 0.0965251
129 50 0.0553506
129 113 0.046875
129 33 0.0328467
129 31 0.0268199
131 104 0.02
131 116 0.00653595
131 137 0.00651466
131 152 0.0166113
131 156 0.00993377
131 160 0.0140351
131 150 0.0231023
131 21 0.0142857
131 37 0.020979
132 29 0.0398671
132 154 0.0232558
132 237 0.018315
133 2 0.046332
133 221 0.0177305
133 229 0.0436364
133 163 0.091954
133 56 0.0456274
133 211 0.0330033
133 137 0.0318021
134 10 0.0283688
134 189 0.0774908
134 35 0.0388693
134 92 0.0428571
134 216 0.0245614
135 33 0.0141343
135 229 0.0177936
135 196 0.0189394
135 237 0.0277778
135 120 0.0284698
135 171 0.024735
135 132 0.094697
135 105 0.018797
135 175 0.0233463
135 101 0.0471014
135 126 0.0321429
135 130 0.013986
135 134 0.0187266
136 7 0.0535117
136 196 0.0333333
136 207 0.0264026
136 96 0.021875
136 49 0.0185185
136 43 0.0718954
136 111 0.0228758
136 82 0.0473186
137 112 0.0612245
137 76 0.0474576
138 134 0.00347222
138 51 0.013289
138 149 0.0105634
139 134 0.0494297
139 100 0.0171821
139 23 0.00346021
139 145 0.0498084
139 104 0.0245614
139 66 0.0103806
140 32 0.0372881
140 24 0.0692042
140 77 0.0176056
140 171 0.0472973
140 236 0.0246479
140 160 0.0392857
140 114 0.0544218
140 173 0.0172414
140 227 0.0472973
140 66 0.00983607
140 25 0.0780142
141 88 0.0576271
141 53 0.0735294
141 145 0.0777778
142 69 0.0850202
142 62 0.029304
142 44 0.0433071
142 49 0.0743494
142 25 0.0839695
143 150 0.0474576
143 157 0.0198675
143 14 0.0398551
143 105 0.024911
143 148 0.0106007
143 56 0.0210526
143 36 0.0199336
143 169 0.00694444
143 197 0.0268199
143 18 0.0166113
144 108 0.0251572
144 198 0.00952381
144 1 0.00955414
144 55 0.00326797
144 61 0.00621118
144 79 0.015873
144 36 0.0253968
144 169 0.0166113
144 233 0.0167224
144 196 0.00666667
144 128 0.00668896
144 103 0.0514469
144 45 0.00657895
144 163 0.00955414
144 24 0.0222222
144 143 0.0191083
146 59 0.0539683
146 125 0.0541516
146 225 0.0175439
146 19 0.0267559
146 86 0.0586081
146 130 0.0508475
146 55 0.0769231
147 118 0.0584192
147 230 0.0746269
147 175 0.0408922
147 194 0.0886525
147 227 0.0513699
147 99 0.0582192
148 66 0.0474453
148 166 0.0342205
149 160 0.0585938
149 231 0.0436364
149 181 0.0656934
149 76 0.0746269
149 112 0.0659341
149 151 0.0423077
149 169 0.0186567
149 211 0.0505051
149 86 0.03861
150 177 0.0262172
150 166 0.0424028
150 25 0.0443686
150 107 0.0331126
150 210 0.0318021
151 191 0.0592885
151 222 0.0833333
151 59 0.0574324
151 61 0.0103806
151 93 0.0269231
151 77 0.0305344
151 186 0.0264151
151 122 0.0505415
151 97 0.10687
151 175 0.0731707
152 225 0.0222222
152 161 0.0824373
152 88 0.019802
152 176 0.0711462
152 234 0.0401338
152 10 0.0479452
152 231 0.0409556
152 56 0.0855019
153 22 0.0267559
153 221 0.01
153 93 0.0481481
153 146 0.0165563
153 145 0.0286738
153 151 0.0359712
153 50 0.0233333
153 219 0.0282686
153 54 0.0213523
154 171 0.0369128
155 236 0.00692042
155 176 0.0380228
155 232 0.0992366
155 160 0.0430108
155 40 0.0801394
155 122 0.0915493
155 44 0.0288809
155 33 0.0302013
155 166 0.0464286
155 198 0.0338983
155 154 0.0692042
156 13 0.00660066
156 40 0.0132013
156 130 0.00655738
156 98 0.00346021
156 107 0.0132013
156 173 0.0103806
156 134 0.0140351
156 160 0.0105263
156 195 0.00328947
156 111 0.00696864
157 54 0.0139373
158 44 0.0253623
158 161 0.0342466
158 152 0.0551724
158 55 0.0503597
159 238 0.036
159 108 0.0517241
159 169 0.0106383
159 164 0.0143885
159 5 0.0273038
159 114 0.0342466
159 134 0.0289855
159 175 0.0223048
159 206 0.0289855
159 212 0.027027
159 49 0.013468
159 142 0.0217391
159 91 0.0307167
159 141 0.0271186
160 63 0.0104895
160 59 0.0398671
160 40 0.0467626
160 166 0.0703125
160 3 0.0620438
160 120 0.111111
160 225 0.0390244
160 216 0.114943
160 51 0.090566
161 235 0.0407407
161 69 0.0722433
161 201 0.0446097
162 54 0.0265152
162 180 0.0214286
162 189 0.0246479
162 148 0.0150376
163 193 0.0477941
163 195 0.016835
163 237 0.0263158
163 154 0.020202
163 19 0.00333333
163 162 0.00352113
164 156 0.00701754
164 231 0.0398551
164 222 0.0461538
164 238 0.0466102
164 55 0.0339623
164 217 0.0436364
164 166 0.05
164 184 0.0265152
164 142 0.0505837
165 11 0.00318471
165 9 0.0210526
165 60 0.0316901
165 3 0.114695
167 142 0.0391459
167 193 0.0353357
167 203 0.0425532
167 130 0.0612245
167 148 0.114943
167 129 0.0510949
168 85 0.0197368
168 151 0.019802
168 77 0.0165563
168 105 0.0131148
168 127 0.00993377
168 191 0.00993377
168 11 0.00606061
168 164 0.00983607
169 33 0.0320285
169 195 0.0104167
169 64 0.0104167
169 185 0.0267176
169 130 0.0138408
169 6 0.0430108
169 147 0.0175439
170 177 0.0223881
170 215 0.0388693
170 140 0.0331126
170 8 0.00958466
170 40 0.00321543
170 42 0.00687285
170 12 0.012987
170 44 0.0474453
170 205 0.00692042
170 55 0.0136986
170 113 0.017301
171 166 0.0654545
171 53 0.0430108
172 19 0.00348432
172 61 0.00689655
172 83 0.0177305
172 205 0.00371747
172 11 0.00340136
172 220 0.0211268
172 102 0.0105263
172 2 0.011194
172 18 0.013986
173 184 0.0184502
173 102 0.0138889
173 141 0.0136986
173 93 0.0149813
174 49 0.00970874
174 198 0.0266667
174 99 0.05
174 229 0.0369128
174 208 0.0177305
174 216 0.0756014
175 35 0.043956
175 240 0.0433071
175 62 0.0300752
175 88 0.0179211
175 76 0.056391
177 112 0.0224719
177 21 0.0163934
177 139 0.0322581
177 88 0.05
177 176 0.017316
178 24 0.0332226
178 33 0.00651466
178 217 0.00324675
178 131 0.0130719
178 31 0.0462633
178 120 0.0687285
178 161 0.00990099
178 114 0.0196078
178 162 0.0316901
179 235 0.0104895
179 196 0.00692042
179 35 0.00319489
179 229 0.00983607
179 220 0.0130293
179 150 0.0096463
179 215 0.0103093
179 183 0.0100671
179 199 0.00636943
179 88 0.012945
179 92 0.00645161
179 38 0.00348432
179 212 0.00319489
179 34 0.0103448
179 178 0.0161812
180 227 0.0664336
180 19 0.0559441
181 53 0.0464286
182 45 0.0137457
182 11 0.0226537
182 26 0.00340136
182 141 0.0330033
182 193 0.0244755
182 9 0.0138889
182 177 0.0339623
182 29 0.025974
182 124 0.0243056
182 181 0.0295082
183 119 0.0110701
183 93 0.0456274
183 213 0.0681004
183 21 0.0742188
183 107 0.0491228
183 124 0.0291971
183 191 0.0494297
183 6 0.0171233
184 116 0.0392857
184 9 0.0265152
185 240 0.0190114
185 74 0.0272109
186 197 0.0120482
186 238 0.0333333
186 171 0.0319149
186 185 0.019084
187 85 0.00740741
187 63 0.0176678
187 88 0.0430108
187 176 0.0720339
188 233 0.0346154
188 74 0.0133333
188 40 0.0176678
188 57 0.0199336
188 131 0.0141844
188 6 0.00704225
188 14 0.0509804
188 158 0.00704225
188 160 0.0306513
188 55 0.0149254
190 130 0.0323741
190 185 0.0354331
192 162 0.00722022
192 102 0.010274
192 62 0.00696864
192 178 0.0169492
192 56 0.00714286
192 55 0.00714286
192 11 0.0100334
192 97 0.00677966
192 208 0.0225564
192 92 0.00675676
192 115 0.0238908
192 169 0.00357143
193 10 0.0471014
193 97 0.0431655
194 231 0.0442177
194 116 0.0264901
195 145 0.0322581
195 181 0.0333333
195 9 0.0285714
195 88 0.040404
196 203 0.0669291
196 236 0.0344828
196 9 0.0346154
196 146 0.0509091
198 116 0.0338983
198 185 0.0766284
198 193 0.0214286
198 85 0.0213523
199 222 0.0277778
199 51 0.0721649
199 17 0.0675676
199 221 0.0130719
199 231 0.0163399
199 146 0.0363036
200 74 0.0224359
200 238 0.023622
200 12 0.0236486
200 17 0.0166667
200 213 0.0202703
200 11 0.00986842
200 184 0.0142857
200 197 0.00380228
200 23 0.0274914
202 60 0.0430108
202 105 0.013986
202 149 0.0212014
202 211 0.0408805
202 5 0.0547945
202 44 0.0518519
202 64 0.0267559
202 181 0.0798611
202 154 0.0301003
203 216 0.0695971
204 222 0.0545455
204 186 0.0358423
204 76 0.0699301
204 54 0.0549451
204 165 0.0131148
204 20 0.0282686
205 51 0.0398551
205 186 0.0384615
205 222 0.0585938
206 107 0.00689655
206 236 0.00738007
206 191 0.0189394
206 216 0.020979
206 161 0.0250896
206 17 0.0243902
207 139 0.00735294
207 171 0.0283688
207 77 0.0150943
207 61 0.0104167
207 237 0.0318725
207 103 0.0970149
207 133 0.0343511
207 71 0.0246914
207 206 0.0264151
208 74 0.0526316
209 6 0.0212014
209 189 0.0817844
209 42 0.0342205
209 3 0.0698529
209 20 0.0418251
209 45 0.0498084
209 129 0.0389105
209 234 0.0315789
209 93 0.0269231
209 35 0.0390071
210 151 0.0343511
210 81 0.0209059
210 147 0.0213523
210 216 0.0357143
210 13 0.0322581
210 174 0.0244755
211 26 0.00638978
211 82 0.0246154
211 92 0.0407524
211 53 0.0330033
211 206 0.0261438
212 229 0.0266667
212 51 0.0544218
212 149 0.0618182
212 147 0.0510204
212 220 0.0230263
212 194 0.0576271
212 165 0.012945
212 160 0.0353357
212 49 0.047138
212 157 0.00967742
213 65 0.0266667
213 199 0.0364238
214 44 0.0597015
214 199 0.0756014
214 148 0.0549451
214 8 0.0364238
214 193 0.0469314
214 64 0.03367
214 213 0.0440678
215 181 0.0929368
215 116 0.028169
215 19 0.0104895
217 194 0.0734266
217 185 0.0599251
217 147 0.0410959
217 174 0.0472973
217 56 0.0505415
217 96 0.0557491
218 125 0.0541516
218 231 0.0442177
218 63 0.0165017
218 157 0.0332226
218 100 0.0229508
218 44 0.0142349
218 56 0.0808824
219 172 0.0110294
219 138 0.0104167
219 15 0.0243902
219 89 0.0576923
219 212 0.0422535
219 52 0.0613718
219 192 0.0143885
219 106 0.0377358
219 137 0.0387324
219 129 0.0465116
219 39 0.021978
219 85 0.0184502
219 175 0.0348837
219 57 0.00967742
219 8 0.0797101
220 51 0.0442177
220 10 0.0696864
220 223 0.011194
220 165 0.0801394
220 181 0.047138
220 206 0.0210526
220 186 0.0545455
220 61 0.00323625
221 194 0.030303
221 125 0.0322581
221 9 0.0106007
221 141 0.0165563
221 13 0.0410959
221 85 0.0212766
221 165 0.00655738
222 237 0.0195313
222 56 0.0298507
222 112 0.0772059
222 31 0.0339623
223 191 0.041841
224 114 0.040404
224 53 0.0583942
224 165 0.0231023
224 201 0.0437956
225 100 0.0218341
225 53 0.0289855
226 123 0.0103448
226 48 0.0261438
226 175 0.00352113
226 195 0.00323625
226 94 0.0096463
226 9 0.020979
226 120 0.0230263
226 124 0.010274
226 106 0.0138408
226 14 0.0318021
226 234 0.00318471
226 159 0.0340136
226 12 0.00645161
227 240 0.0318021
228 154 0.0469799
228 20 0.0385965
228 113 0.0207612
228 98 0.0763636
228 173 0.003367
228 31 0.0278746
228 40 0.0330033
228 169 0.00680272
228 211 0.0567823
228 3 0.0364238
228 7 0.0102041
228 85 0.0207612
228 124 0.0609319
229 46 0.0408922
229 33 0.0236486
229 55 0.024735
229 165 0.0302013
230 97 0.0545455
230 116 0.0392857
230 88 0.057971
230 130 0.0174825
230 66 0.0358423
230 5 0.0902256
230 215 0.0876494
231 116 0.0371622
231 227 0.0233333
232 191 0.0685484
232 186 0.0426357
232 238 0.0792952
232 137 0.0248227
233 145 0.011194
233 146 0.0246479
233 56 0.0147601
233 17 0.0209059
233 181 0.0390071
233 189 0.0139373
233 208 0.0311284
233 139 0.00364964
233 11 0.0207612
233 10 0.0433213
233 5 0.013986
233 87 0.030303
233 218 0.0104167
235 35 0.0284698
235 180 0.0483271
235 237 0.044898
235 176 0.0460251
235 165 0.0212766
236 100 0.00342466
237 2 0.0077821
237 56 0.00766284
238 53 0.0376569
238 197 0.0178571
238 185 0.0340426
239 229 0.0706714
239 196 0.0671642
239 15 0.0199336
240 13 0.0431655
